---- CONTOUR 0 ----
95 8 
94 9 
90 9 
89 10 
87 10 
86 11 
85 11 
84 12 
83 12 
82 13 
81 13 
79 15 
78 15 
70 23 
70 24 
67 27 
67 28 
65 30 
65 31 
64 32 
64 33 
63 34 
63 35 
62 36 
62 37 
61 38 
61 39 
60 40 
60 42 
59 43 
59 45 
58 46 
58 47 
57 48 
57 50 
56 51 
56 53 
55 54 
55 57 
54 58 
54 59 
52 61 
47 61 
46 62 
42 62 
41 63 
38 63 
37 64 
34 64 
33 65 
31 65 
30 66 
28 66 
26 68 
26 69 
25 70 
25 72 
24 73 
24 75 
23 76 
23 77 
22 78 
22 81 
21 82 
21 85 
20 86 
20 90 
19 91 
19 100 
18 101 
18 118 
19 119 
19 129 
20 130 
20 137 
21 138 
21 143 
22 144 
22 148 
23 149 
23 151 
28 156 
29 156 
30 157 
32 157 
33 158 
36 158 
37 159 
48 159 
49 158 
50 158 
52 160 
52 161 
53 162 
53 167 
54 168 
54 173 
55 174 
55 179 
56 180 
56 184 
57 185 
57 186 
58 187 
60 187 
61 188 
64 188 
65 189 
69 189 
70 190 
89 190 
90 189 
94 189 
95 188 
98 188 
99 187 
101 187 
101 185 
102 184 
102 169 
103 168 
103 162 
105 160 
112 160 
114 162 
114 167 
115 168 
115 176 
116 177 
116 184 
117 185 
117 187 
118 188 
130 188 
131 189 
135 189 
136 188 
147 188 
148 187 
150 187 
151 186 
152 186 
152 185 
153 184 
153 181 
154 180 
154 176 
155 175 
155 170 
156 169 
156 165 
157 164 
157 158 
158 157 
158 152 
159 151 
159 145 
160 144 
160 137 
161 136 
161 129 
162 128 
162 119 
163 118 
163 107 
164 106 
164 90 
165 89 
165 87 
168 84 
168 83 
170 81 
170 80 
171 79 
171 76 
172 75 
172 70 
173 69 
173 68 
172 67 
172 61 
171 60 
171 57 
170 56 
170 54 
169 53 
169 51 
167 49 
167 48 
162 43 
161 43 
160 42 
159 42 
155 38 
155 37 
154 36 
154 35 
153 34 
153 33 
152 32 
152 31 
149 28 
149 27 
144 22 
143 22 
139 18 
138 18 
137 17 
136 17 
134 15 
133 15 
132 14 
130 14 
129 13 
127 13 
126 12 
124 12 
123 11 
121 11 
120 10 
116 10 
115 9 
108 9 
107 8 
---- CONTOUR 1 ----
94 9 
95 8 
107 8 
108 9 
115 9 
116 10 
120 10 
121 11 
123 11 
124 12 
126 12 
127 13 
129 13 
130 14 
131 14 
132 15 
133 15 
135 17 
136 17 
137 18 
138 18 
141 21 
142 21 
149 28 
149 29 
152 32 
152 33 
153 34 
153 35 
154 36 
154 37 
155 38 
155 39 
158 42 
159 42 
160 43 
161 43 
167 49 
167 50 
169 52 
169 53 
170 54 
170 56 
171 57 
171 60 
172 61 
172 67 
173 68 
173 69 
172 70 
172 75 
171 76 
171 78 
170 79 
170 80 
168 82 
168 83 
165 86 
165 89 
164 90 
164 106 
163 107 
163 118 
162 119 
162 128 
161 129 
161 136 
160 137 
160 144 
159 145 
159 151 
158 152 
158 157 
157 158 
157 164 
156 165 
156 169 
155 170 
155 175 
154 176 
154 180 
153 181 
153 183 
152 184 
152 185 
151 186 
150 186 
149 187 
148 187 
147 188 
136 188 
135 189 
131 189 
130 188 
119 188 
117 186 
117 185 
116 184 
116 177 
115 176 
115 168 
114 167 
114 161 
113 160 
104 160 
103 161 
103 168 
102 169 
102 184 
101 185 
101 186 
100 187 
99 187 
98 188 
95 188 
94 189 
90 189 
89 190 
70 190 
69 189 
65 189 
64 188 
61 188 
60 187 
59 187 
56 184 
56 180 
55 179 
55 174 
54 173 
54 168 
53 167 
53 162 
52 161 
52 159 
51 159 
50 158 
49 158 
48 159 
37 159 
36 158 
33 158 
32 157 
31 157 
30 156 
29 156 
23 150 
23 149 
22 148 
22 144 
21 143 
21 138 
20 137 
20 130 
19 129 
19 119 
18 118 
18 101 
19 100 
19 91 
20 90 
20 86 
21 85 
21 82 
22 81 
22 78 
23 77 
23 76 
24 75 
24 73 
25 72 
25 71 
26 70 
26 69 
29 66 
30 66 
31 65 
33 65 
34 64 
37 64 
38 63 
41 63 
42 62 
46 62 
47 61 
53 61 
54 60 
54 58 
55 57 
55 54 
56 53 
56 51 
57 50 
57 48 
58 47 
58 46 
59 45 
59 43 
60 42 
60 41 
61 40 
61 39 
62 38 
62 37 
63 36 
63 35 
64 34 
64 33 
65 32 
65 31 
67 29 
67 28 
70 25 
70 24 
79 15 
80 15 
82 13 
83 13 
84 12 
85 12 
87 10 
89 10 
90 9 
---- CONTOUR 2 ----
48 68 
47 69 
43 69 
42 70 
39 70 
38 71 
35 71 
34 72 
33 72 
32 73 
32 74 
31 75 
31 77 
30 78 
30 80 
29 81 
29 83 
28 84 
28 88 
27 89 
27 95 
26 96 
26 124 
27 125 
27 133 
28 134 
28 139 
29 140 
29 145 
30 146 
30 148 
32 150 
33 150 
34 151 
37 151 
38 152 
47 152 
48 151 
50 151 
51 150 
51 144 
50 143 
50 131 
49 130 
49 92 
50 91 
50 80 
51 79 
51 72 
52 71 
51 70 
51 68 
---- CONTOUR 3 ----
47 69 
48 68 
50 68 
51 69 
51 70 
52 71 
51 72 
51 79 
50 80 
50 91 
49 92 
49 130 
50 131 
50 143 
51 144 
51 149 
49 151 
48 151 
47 152 
38 152 
37 151 
35 151 
34 150 
33 150 
30 147 
30 146 
29 145 
29 140 
28 139 
28 134 
27 133 
27 125 
26 124 
26 96 
27 95 
27 89 
28 88 
28 84 
29 83 
29 81 
30 80 
30 78 
31 77 
31 76 
32 75 
32 74 
35 71 
38 71 
39 70 
42 70 
43 69 
---- CONTOUR 4 ----
119 43 
118 44 
110 44 
109 45 
104 45 
103 46 
100 46 
99 47 
98 47 
97 48 
96 48 
93 51 
93 53 
92 54 
92 57 
91 58 
91 64 
92 65 
92 70 
93 71 
93 74 
94 75 
94 76 
98 80 
99 80 
101 82 
103 82 
104 83 
106 83 
107 84 
110 84 
111 85 
116 85 
117 86 
126 86 
127 87 
144 87 
145 86 
151 86 
152 85 
154 85 
155 84 
157 84 
158 83 
159 83 
162 80 
162 79 
163 78 
163 77 
164 76 
164 74 
165 73 
165 68 
164 67 
164 60 
163 59 
163 57 
162 56 
162 54 
160 52 
160 51 
158 49 
157 49 
155 47 
154 47 
153 46 
151 46 
150 45 
147 45 
146 44 
142 44 
141 43 
---- CONTOUR 5 ----
97 48 
98 48 
100 50 
100 53 
101 54 
101 56 
102 57 
102 59 
103 60 
103 61 
104 62 
104 63 
106 65 
106 66 
109 69 
110 69 
111 70 
112 70 
113 71 
116 71 
117 72 
145 72 
146 71 
150 71 
151 70 
154 70 
155 69 
157 69 
158 68 
160 68 
161 67 
162 67 
163 66 
165 68 
165 73 
164 74 
164 76 
162 78 
162 79 
158 83 
157 83 
156 84 
155 84 
154 85 
152 85 
151 86 
145 86 
144 87 
127 87 
126 86 
117 86 
116 85 
111 85 
110 84 
107 84 
106 83 
104 83 
103 82 
102 82 
100 80 
99 80 
94 75 
94 74 
93 73 
93 71 
92 70 
92 65 
91 64 
91 58 
92 57 
92 54 
93 53 
93 52 
---- CONTOUR 6 ----
118 44 
119 43 
141 43 
142 44 
146 44 
147 45 
150 45 
151 46 
152 46 
153 47 
154 47 
156 49 
157 49 
160 52 
160 53 
162 55 
162 56 
163 57 
163 59 
164 60 
164 65 
163 66 
162 66 
161 67 
160 67 
159 68 
158 68 
157 69 
155 69 
154 70 
151 70 
150 71 
146 71 
145 72 
117 72 
116 71 
113 71 
111 69 
110 69 
106 65 
106 64 
104 62 
104 61 
103 60 
103 59 
102 58 
102 57 
101 56 
101 54 
100 53 
100 50 
98 48 
99 47 
100 47 
101 46 
103 46 
104 45 
109 45 
110 44 
---- CONTOUR 7 ----
127 47 
126 48 
124 48 
123 49 
121 49 
120 50 
120 54 
122 56 
123 56 
124 57 
125 57 
126 58 
128 58 
129 59 
131 59 
132 60 
135 60 
136 61 
149 61 
150 60 
152 60 
153 59 
154 59 
155 58 
155 54 
152 51 
151 51 
150 50 
148 50 
147 49 
145 49 
144 48 
139 48 
138 47 
---- CONTOUR 8 ----
126 48 
127 47 
138 47 
139 48 
144 48 
145 49 
147 49 
148 50 
149 50 
150 51 
151 51 
155 55 
155 57 
152 60 
150 60 
149 61 
136 61 
135 60 
132 60 
131 59 
129 59 
128 58 
127 58 
126 57 
125 57 
124 56 
123 56 
120 53 
120 51 
122 49 
123 49 
124 48 
---- CONTOUR 9 ----
96 15 
95 16 
92 16 
91 17 
89 17 
88 18 
87 18 
86 19 
85 19 
82 22 
81 22 
77 26 
77 27 
74 30 
74 31 
72 33 
72 34 
71 35 
71 36 
70 37 
70 38 
69 39 
69 40 
68 41 
68 42 
67 43 
67 45 
66 46 
66 47 
65 48 
65 50 
64 51 
64 53 
63 54 
63 56 
62 57 
62 60 
61 61 
61 64 
60 65 
60 68 
59 69 
59 75 
58 76 
58 85 
57 86 
57 106 
56 107 
56 114 
57 115 
57 137 
58 138 
58 148 
59 149 
59 157 
60 158 
60 164 
61 165 
61 170 
62 171 
62 176 
63 177 
63 180 
64 181 
65 181 
66 182 
70 182 
71 183 
88 183 
89 182 
93 182 
94 181 
94 177 
95 176 
95 162 
96 161 
96 156 
100 152 
134 152 
135 153 
133 155 
131 155 
130 156 
129 156 
128 157 
126 157 
125 158 
122 158 
121 159 
121 162 
122 163 
122 171 
123 172 
123 179 
124 180 
124 181 
130 181 
131 182 
136 182 
137 181 
145 181 
146 180 
146 178 
147 177 
147 172 
148 171 
148 167 
149 166 
149 161 
150 160 
150 154 
151 153 
151 148 
152 147 
152 140 
153 139 
153 132 
154 131 
154 121 
155 120 
155 113 
156 112 
156 98 
157 97 
157 94 
156 93 
156 92 
153 92 
152 93 
145 93 
144 94 
127 94 
126 93 
116 93 
115 92 
110 92 
109 91 
106 91 
105 90 
103 90 
102 89 
100 89 
98 87 
97 87 
96 86 
95 86 
87 78 
87 77 
86 76 
86 74 
85 73 
85 70 
84 69 
84 54 
85 53 
85 51 
86 50 
86 49 
88 47 
88 46 
91 43 
92 43 
94 41 
95 41 
96 40 
98 40 
99 39 
102 39 
103 38 
108 38 
109 37 
118 37 
119 36 
141 36 
142 37 
144 37 
145 36 
145 34 
135 24 
134 24 
133 23 
132 23 
130 21 
129 21 
128 20 
126 20 
125 19 
123 19 
122 18 
120 18 
119 17 
115 17 
114 16 
108 16 
107 15 
---- CONTOUR 10 ----
95 16 
96 15 
107 15 
108 16 
114 16 
115 17 
119 17 
120 18 
122 18 
123 19 
125 19 
126 20 
127 20 
128 21 
129 21 
131 23 
132 23 
133 24 
134 24 
145 35 
143 37 
142 37 
141 36 
119 36 
118 37 
109 37 
108 38 
103 38 
102 39 
99 39 
98 40 
96 40 
95 41 
93 41 
91 43 
90 43 
89 44 
89 45 
86 48 
86 50 
85 51 
85 53 
84 54 
84 69 
85 70 
85 73 
86 74 
86 77 
87 78 
87 79 
94 86 
95 86 
96 87 
97 87 
98 88 
99 88 
100 89 
102 89 
103 90 
105 90 
106 91 
109 91 
110 92 
115 92 
116 93 
126 93 
127 94 
144 94 
145 93 
152 93 
153 92 
155 92 
157 94 
157 97 
156 98 
156 112 
155 113 
155 120 
154 121 
154 131 
153 132 
153 139 
152 140 
152 147 
151 148 
151 153 
150 154 
150 160 
149 161 
149 166 
148 167 
148 171 
147 172 
147 177 
146 178 
146 179 
144 181 
137 181 
136 182 
131 182 
130 181 
125 181 
123 179 
123 172 
122 171 
122 163 
121 162 
121 160 
123 158 
125 158 
126 157 
128 157 
129 156 
131 156 
132 155 
134 155 
135 154 
135 152 
100 152 
99 153 
98 153 
97 154 
97 155 
96 156 
96 161 
95 162 
95 176 
94 177 
94 180 
92 182 
89 182 
88 183 
71 183 
70 182 
66 182 
63 179 
63 177 
62 176 
62 171 
61 170 
61 165 
60 164 
60 158 
59 157 
59 149 
58 148 
58 138 
57 137 
57 115 
56 114 
56 107 
57 106 
57 86 
58 85 
58 76 
59 75 
59 69 
60 68 
60 65 
61 64 
61 61 
62 60 
62 57 
63 56 
63 54 
64 53 
64 51 
65 50 
65 48 
66 47 
66 46 
67 45 
67 44 
68 43 
68 42 
69 41 
69 39 
71 37 
71 36 
72 35 
72 34 
74 32 
74 31 
77 28 
77 27 
82 22 
83 22 
86 19 
87 19 
88 18 
89 18 
90 17 
91 17 
92 16 
